	modelName: "rock.obj";
	entityType: "ENTITY_CRAMP";
	position: -2.000000 3.000000 0.000000;
	rotation: 1.000000 0.000000 0.000000 0.000000;
	scale: 0.800000 0.800000 0.800000;
	color: 1.000000 1.000000 1.000000 1.000000;
}

	entityType: "ENTITY_STAR";
	position: -2.000000 2.000000 0.000000;
	rotation: -0.065404 0.000000 0.000000 0.997859;
	scale: 1.000000 1.000000 1.000000;
	color: 1.000000 1.000000 1.000000 1.000000;
}

	entityType: "ENTITY_CHOC_BAR";
	position: 2.000000 3.000000 0.000000;
	rotation: 1.000000 0.000000 0.000000 0.000000;
	scale: 1.000000 1.000000 1.000000;
	color: 1.000000 1.000000 1.000000 1.000000;
}

