	id: 0;
	entityType: "ENTITY_BUCKET";
	position: -2.000000 2.000000 0.000000;
	rotation: 1.000000 0.000000 0.000000 0.000000;
	scale: 1.000000 1.000000 1.000000;
	color: 1.000000 1.000000 1.000000 1.000000;
}

	tag: "space";
